Peg X Value | Peg Y Value | Ball X Velcoity | Ball Y Velocity
631 200 4.4 8.915 570 300 -4.4 10.223 690 555 4.4 10.223 568 200 -4.4 10.223 480 60 -4.4 -5.318 510 45 4.4 -4.337
631 200 4.596 7.856 750 75 4.596 0.646 569 250 -4.596 10.129 630 350 4.596 10.129 510 555 -4.596 10.129 540 30 4.596 10.129 570 15 4.596 10.129 540 30 -4.596 10.129 630 250 4.596 10.129 750 75 4.596 -1.3 720 60 -4.596 0.008 750 75 4.596 1.643 570 300 -4.596 10.145 504 200 -4.596 -6.548 695 200 4.596 7.84 630 300 -4.596 10.129 720 540 4.596 10.129 876 350 4.596 1.316 720 540 -4.596 10.145 631 400 -4.596 -5.24 631 400 4.596 -4.913 720 540 4.596 10.145 690 555 -4.596 10.145 750 75 4.596 10.145 630 300 -4.596 10.145 
690 300 4.472 10.084 631 400 -4.472 10.084 690 555 4.472 10.084 759 400 4.472 -4.525 810 495 4.472 8.776 938 350 4.472 0.707 780 510 -4.472 10.19 692 350 -4.472 -4.304 540 570 -4.472 10.19 570 15 4.472 10.19 446 250 -4.472 10.19 600 600 4.472 10.19 
692 250 4.867 7.945 1020 210 4.867 8.055 990 195 -4.867 9.145 
440 200 -4.945 5.458 510 300 4.945 8.458 440 400 -4.945 10.058 510 555 4.945 10.058 
270 435 1.394 -4.002 270 435 -1.394 -3.802 
750 300 4.618 9.484 840 120 4.618 -5.284 886 200 4.618 7.484 900 150 4.618 -6.684 1020 390 4.618 10.084 

300 450 2.454 -1.156 300 450 -2.454 -0.956 
360 480 1.581 -1.743 330 465 -1.581 -0.143 
570 585 4.818 -0.938 
450 525 2.529 -2.313 450 525 -2.529 -2.113 
692 250 4.59 8.982 630 350 -4.59 10.182 720 540 4.59 10.182 690 555 -4.59 10.182 
692 250 4.967 7.373 810 105 4.967 -1.973 780 90 -4.967 -1.373 780 90 4.967 -1.173 810 105 4.967 1.973 630 250 -4.967 8.573 692 350 4.967 10.173 570 585 -4.967 10.173 330 300 -4.967 -0.973 390 300 4.967 1.227 330 300 -4.967 3.027 384 350 4.967 5.027 384 350 -4.967 5.227 330 300 -4.967 -3.627 330 300 4.967 -3.427 384 350 4.967 5.427 313 400 -4.967 7.627 360 480 4.967 9.227 
692 250 4.95 7.907 1020 210 4.95 7.893 1020 210 -4.95 8.093 568 200 -4.95 9.307 630 350 4.95 10.107 695 200 4.95 -7.107 510 45 -4.95 0.093 692 250 4.95 9.293 780 90 4.95 -5.493 750 75 -4.95 -4.893 1050 225 4.95 9.907 1080 240 -4.95 10.107 810 105 -4.95 7.907 876 250 4.95 10.107 886 200 4.95 -9.307 930 300 4.95 10.107 938 250 4.95 -9.507 
840 480 -2.0 -2.583 

692 250 4.648 8.443 630 350 -4.648 10.043 720 540 4.648 10.043 690 555 -4.648 10.043 
